1127	5
3150.000000	0.000000	0.304800	39.600000	0.003100	120.319000
12500.000000	0.000000	0.152400	55.500000	0.001700	117.093000
3150.000000	0.000000	0.152400	39.600000	0.001900	125.603000
1250.000000	7.300000	0.228600	71.300000	0.010400	127.358000
800.000000	8.400000	0.050800	39.600000	0.005700	128.435000
250.000000	12.600000	0.152400	71.300000	0.048300	129.744000
1600.000000	19.700000	0.050800	39.600000	0.036500	117.604000
1600.000000	8.400000	0.050800	71.300000	0.005300	133.846000
630.000000	3.000000	0.304800	71.300000	0.004300	129.354000
10000.000000	0.000000	0.304800	55.500000	0.002800	113.076000
1250.000000	3.000000	0.304800	39.600000	0.005000	125.802000
2000.000000	9.500000	0.025400	39.600000	0.004500	131.274000
200.000000	19.700000	0.050800	71.300000	0.034100	118.005000
1000.000000	8.400000	0.050800	71.300000	0.005300	129.946000
1600.000000	19.700000	0.050800	71.300000	0.034100	120.575000
2500.000000	0.000000	0.152400	39.600000	0.001900	126.863000
3150.000000	4.000000	0.228600	71.300000	0.004000	124.108000
3150.000000	12.300000	0.101600	71.300000	0.033800	120.798000
1600.000000	6.700000	0.101600	71.300000	0.004800	136.678000
6300.000000	0.000000	0.101600	31.700000	0.001500	124.253000
2000.000000	0.000000	0.025400	31.700000	0.000400	130.697000
3150.000000	9.500000	0.025400	55.500000	0.004300	133.252000
6300.000000	4.000000	0.228600	31.700000	0.005100	112.699000
4000.000000	3.000000	0.304800	31.700000	0.005300	115.608000
8000.000000	4.000000	0.228600	71.300000	0.004000	112.848000
3150.000000	5.300000	0.228600	39.600000	0.006100	118.441000
5000.000000	0.000000	0.228600	71.300000	0.002100	124.304000
1250.000000	2.700000	0.152400	39.600000	0.002900	130.829000
4000.000000	7.300000	0.228600	31.700000	0.013300	112.639000
5000.000000	5.400000	0.152400	39.600000	0.004900	117.037000
5000.000000	4.000000	0.228600	39.600000	0.004700	117.649000
1000.000000	9.900000	0.152400	31.700000	0.025300	122.149000
400.000000	11.200000	0.050800	71.300000	0.014100	129.281000
3150.000000	12.300000	0.101600	55.500000	0.036800	116.914000
2000.000000	4.000000	0.228600	71.300000	0.004000	126.218000
8000.000000	5.300000	0.228600	71.300000	0.005200	114.900000
16000.000000	0.000000	0.228600	71.300000	0.002100	114.984000
8000.000000	0.000000	0.050800	55.500000	0.000800	130.156000
1000.000000	8.400000	0.050800	31.700000	0.005800	129.516000
1000.000000	15.400000	0.050800	71.300000	0.026400	131.865000
1250.000000	7.300000	0.228600	55.500000	0.011200	125.724000
10000.000000	0.000000	0.101600	55.500000	0.001300	121.930000
4000.000000	0.000000	0.101600	55.500000	0.001300	129.500000
500.000000	2.000000	0.228600	39.600000	0.003500	125.157000
2500.000000	12.700000	0.025400	39.600000	0.013000	129.027000
630.000000	9.900000	0.152400	39.600000	0.023300	126.465000
10000.000000	0.000000	0.304800	31.700000	0.003300	108.265000
8000.000000	0.000000	0.228600	71.300000	0.002100	118.024000
2500.000000	0.000000	0.152400	71.300000	0.001600	128.127000
250.000000	11.200000	0.050800	39.600000	0.015000	126.430000
500.000000	15.600000	0.101600	39.600000	0.052800	115.304000
4000.000000	3.000000	0.304800	39.600000	0.005000	116.792000
2000.000000	4.800000	0.025400	55.500000	0.000900	125.054000
1600.000000	4.000000	0.304800	39.600000	0.005800	123.213000
1250.000000	15.600000	0.101600	71.300000	0.043700	123.178000
3150.000000	4.000000	0.304800	39.600000	0.005800	118.743000
6300.000000	0.000000	0.050800	71.300000	0.000700	133.040000
1000.000000	9.500000	0.025400	55.500000	0.004300	130.332000
250.000000	0.000000	0.304800	39.600000	0.003100	119.319000
2000.000000	4.200000	0.050800	71.300000	0.001400	129.848000
3150.000000	5.400000	0.152400	71.300000	0.004000	123.311000
3150.000000	4.000000	0.228600	31.700000	0.005100	120.229000
800.000000	6.700000	0.101600	71.300000	0.004800	134.478000
2500.000000	4.000000	0.228600	39.600000	0.004700	119.649000
4000.000000	4.000000	0.228600	31.700000	0.005100	118.859000
5000.000000	9.900000	0.152400	31.700000	0.025300	109.949000
16000.000000	0.000000	0.025400	39.600000	0.000400	124.986000
315.000000	12.300000	0.101600	55.500000	0.036800	135.674000
400.000000	22.200000	0.025400	39.600000	0.022900	123.416000
10000.000000	4.200000	0.050800	39.600000	0.001500	116.967000
630.000000	15.400000	0.050800	71.300000	0.026400	129.645000
1000.000000	15.400000	0.050800	39.600000	0.028300	127.893000
630.000000	11.200000	0.050800	39.600000	0.015000	133.130000
6300.000000	22.200000	0.025400	71.300000	0.021400	123.127000
2500.000000	15.400000	0.050800	39.600000	0.028300	122.413000
1000.000000	4.000000	0.228600	55.500000	0.004300	132.134000
2000.000000	4.000000	0.228600	55.500000	0.004300	124.254000
8000.000000	0.000000	0.152400	71.300000	0.001600	122.527000
315.000000	9.900000	0.152400	71.300000	0.019300	135.459000
3150.000000	19.700000	0.050800	39.600000	0.036500	113.004000
3150.000000	1.500000	0.304800	39.600000	0.003900	119.111000
1000.000000	5.400000	0.152400	39.600000	0.004900	130.507000
1000.000000	3.000000	0.304800	55.500000	0.004500	129.329000
1600.000000	7.300000	0.228600	55.500000	0.011200	123.354000
1250.000000	0.000000	0.228600	39.600000	0.002500	129.395000
8000.000000	4.200000	0.050800	71.300000	0.001400	125.268000
1600.000000	0.000000	0.152400	71.300000	0.001600	129.667000
1250.000000	19.700000	0.050800	71.300000	0.034100	121.485000
5000.000000	7.300000	0.228600	71.300000	0.010400	115.298000
3150.000000	0.000000	0.050800	39.600000	0.000800	135.938000
6300.000000	0.000000	0.050800	39.600000	0.000800	131.918000
10000.000000	0.000000	0.304800	39.600000	0.003100	112.139000
3150.000000	5.400000	0.152400	39.600000	0.004900	119.137000
12500.000000	0.000000	0.025400	39.600000	0.000400	129.116000
3150.000000	4.800000	0.025400	39.600000	0.000900	133.436000
2000.000000	17.400000	0.025400	55.500000	0.016600	125.261000
8000.000000	0.000000	0.025400	71.300000	0.000400	129.867000
4000.000000	5.400000	0.152400	39.600000	0.004900	117.137000
10000.000000	0.000000	0.050800	39.600000	0.000800	125.998000
315.000000	12.300000	0.101600	71.300000	0.033800	137.068000
2500.000000	4.000000	0.228600	55.500000	0.004300	122.384000
1250.000000	12.600000	0.152400	71.300000	0.048300	120.154000
630.000000	3.000000	0.304800	39.600000	0.005000	129.292000
1250.000000	0.000000	0.228600	31.700000	0.002700	128.805000
2000.000000	0.000000	0.228600	71.300000	0.002100	128.244000
2000.000000	15.400000	0.050800	39.600000	0.028300	123.443000
3150.000000	7.300000	0.228600	31.700000	0.013300	113.229000
315.000000	17.400000	0.025400	55.500000	0.016600	111.911000
200.000000	9.900000	0.152400	71.300000	0.019300	134.319000
4000.000000	4.800000	0.025400	71.300000	0.000800	134.928000
800.000000	2.700000	0.152400	71.300000	0.002400	127.394000
8000.000000	0.000000	0.152400	31.700000	0.002100	117.957000
5000.000000	0.000000	0.152400	71.300000	0.001600	126.457000
800.000000	0.000000	0.152400	71.300000	0.001600	125.817000
400.000000	2.000000	0.228600	55.500000	0.003100	122.292000
200.000000	9.900000	0.152400	39.600000	0.023300	127.315000
250.000000	22.200000	0.025400	39.600000	0.022900	117.386000
800.000000	0.000000	0.050800	55.500000	0.000800	124.336000
500.000000	12.600000	0.152400	39.600000	0.058400	114.900000
1600.000000	15.600000	0.101600	71.300000	0.043700	121.528000
200.000000	12.300000	0.101600	39.600000	0.040800	128.545000
1250.000000	17.400000	0.025400	71.300000	0.016100	126.356000
400.000000	3.000000	0.304800	31.700000	0.005300	125.398000
10000.000000	0.000000	0.101600	31.700000	0.001500	115.893000
3150.000000	3.300000	0.101600	55.500000	0.002200	130.629000
2000.000000	12.600000	0.152400	39.600000	0.058400	109.520000
630.000000	15.400000	0.050800	31.700000	0.029000	124.685000
800.000000	5.400000	0.152400	71.300000	0.004000	131.281000
1000.000000	3.000000	0.304800	39.600000	0.005000	128.312000
630.000000	4.000000	0.304800	39.600000	0.005800	131.073000
4000.000000	2.000000	0.228600	31.700000	0.003700	120.527000
5000.000000	0.000000	0.228600	31.700000	0.002700	120.505000
16000.000000	1.500000	0.304800	71.300000	0.003400	106.582000
630.000000	9.900000	0.152400	31.700000	0.025300	126.049000
2000.000000	2.000000	0.228600	71.300000	0.002900	126.896000
1600.000000	0.000000	0.050800	71.300000	0.000700	129.680000
1000.000000	4.800000	0.025400	31.700000	0.000900	125.348000
400.000000	17.400000	0.025400	71.300000	0.016100	117.396000
3150.000000	0.000000	0.101600	31.700000	0.001500	129.973000
3150.000000	8.400000	0.050800	55.500000	0.005400	128.402000
500.000000	7.200000	0.152400	71.300000	0.007500	132.043000
1250.000000	2.000000	0.228600	55.500000	0.003100	128.762000
6300.000000	3.000000	0.304800	39.600000	0.005000	114.042000
1250.000000	6.700000	0.101600	39.600000	0.005800	132.395000
1600.000000	12.300000	0.101600	71.300000	0.033800	124.748000
250.000000	8.900000	0.101600	39.600000	0.012500	134.340000
4000.000000	0.000000	0.228600	39.600000	0.002500	123.465000
630.000000	4.000000	0.228600	71.300000	0.004000	129.038000
630.000000	12.600000	0.152400	39.600000	0.058400	116.550000
5000.000000	5.400000	0.152400	71.300000	0.004000	120.061000
800.000000	22.200000	0.025400	39.600000	0.022900	137.076000
1600.000000	11.200000	0.050800	39.600000	0.015000	126.540000
1250.000000	9.900000	0.152400	71.300000	0.019300	122.679000
16000.000000	0.000000	0.025400	31.700000	0.000400	125.627000
2500.000000	5.300000	0.228600	39.600000	0.006100	116.151000
3150.000000	5.400000	0.152400	55.500000	0.004300	121.587000
1000.000000	17.400000	0.025400	31.700000	0.017700	131.796000
3150.000000	9.900000	0.152400	39.600000	0.023300	113.525000
500.000000	2.000000	0.228600	71.300000	0.002900	126.486000
400.000000	0.000000	0.304800	31.700000	0.003300	125.045000
1250.000000	15.400000	0.050800	71.300000	0.026400	130.845000
400.000000	4.000000	0.228600	31.700000	0.005100	126.149000
500.000000	5.400000	0.152400	39.600000	0.004900	129.937000
2500.000000	0.000000	0.025400	31.700000	0.000400	132.897000
3150.000000	0.000000	0.152400	31.700000	0.002100	124.207000
1000.000000	0.000000	0.152400	55.500000	0.001700	128.583000
4000.000000	4.000000	0.304800	71.300000	0.005000	119.535000
800.000000	6.700000	0.101600	55.500000	0.005200	135.953000
315.000000	7.200000	0.152400	71.300000	0.007500	128.713000
630.000000	7.200000	0.152400	39.600000	0.009100	133.198000
6300.000000	2.000000	0.228600	31.700000	0.003700	115.137000
12500.000000	0.000000	0.050800	31.700000	0.000800	119.070000
12500.000000	0.000000	0.304800	39.600000	0.003100	109.619000
630.000000	0.000000	0.152400	31.700000	0.002100	125.997000
1000.000000	6.700000	0.101600	39.600000	0.005800	134.515000
8000.000000	7.200000	0.152400	71.300000	0.007500	113.333000
200.000000	12.600000	0.152400	39.600000	0.058400	114.750000
1600.000000	0.000000	0.025400	31.700000	0.000400	129.267000
1600.000000	3.300000	0.101600	55.500000	0.002200	133.649000
1250.000000	4.200000	0.050800	39.600000	0.001500	128.427000
2000.000000	3.000000	0.304800	39.600000	0.005000	120.532000
315.000000	12.600000	0.152400	71.300000	0.048300	128.484000
1250.000000	9.500000	0.025400	31.700000	0.004600	131.446000
630.000000	4.000000	0.228600	39.600000	0.004700	129.579000
1250.000000	0.000000	0.025400	31.700000	0.000400	127.947000
4000.000000	4.800000	0.025400	31.700000	0.000900	135.328000
8000.000000	0.000000	0.304800	55.500000	0.002800	116.476000
5000.000000	4.200000	0.050800	71.300000	0.001400	132.828000
2000.000000	0.000000	0.304800	39.600000	0.003100	123.689000
4000.000000	15.600000	0.101600	39.600000	0.052800	106.604000
6300.000000	0.000000	0.304800	71.300000	0.002700	119.541000
1000.000000	12.700000	0.025400	71.300000	0.012200	131.698000
5000.000000	3.000000	0.304800	55.500000	0.004500	117.309000
800.000000	3.000000	0.304800	71.300000	0.004300	129.494000
400.000000	11.200000	0.050800	39.600000	0.015000	130.670000
800.000000	0.000000	0.304800	55.500000	0.002800	128.086000
1250.000000	7.200000	0.152400	71.300000	0.007500	132.513000
2500.000000	7.200000	0.152400	71.300000	0.007500	124.353000
800.000000	3.000000	0.304800	39.600000	0.005000	129.552000
12500.000000	4.800000	0.025400	55.500000	0.000900	125.094000
5000.000000	4.000000	0.304800	39.600000	0.005800	113.733000
6300.000000	4.800000	0.025400	31.700000	0.000900	132.898000
10000.000000	0.000000	0.101600	39.600000	0.001500	119.561000
6300.000000	0.000000	0.228600	71.300000	0.002100	122.044000
1000.000000	12.600000	0.152400	39.600000	0.058400	114.670000
8000.000000	22.200000	0.025400	71.300000	0.021400	121.657000
315.000000	15.600000	0.101600	39.600000	0.052800	122.754000
1600.000000	15.600000	0.101600	39.600000	0.052800	114.554000
4000.000000	2.000000	0.228600	71.300000	0.002900	124.086000
400.000000	7.300000	0.228600	31.700000	0.013300	130.269000
4000.000000	0.000000	0.228600	55.500000	0.002300	123.410000
1000.000000	0.000000	0.152400	39.600000	0.001900	130.033000
1600.000000	0.000000	0.152400	55.500000	0.001700	130.183000
4000.000000	0.000000	0.152400	55.500000	0.001700	127.233000
1250.000000	0.000000	0.050800	71.300000	0.000700	128.560000
5000.000000	0.000000	0.228600	39.600000	0.002500	122.175000
16000.000000	0.000000	0.152400	71.300000	0.001600	113.297000
3150.000000	19.700000	0.050800	71.300000	0.034100	116.225000
250.000000	4.000000	0.304800	39.600000	0.005800	123.543000
1600.000000	3.300000	0.101600	31.700000	0.002500	133.402000
3150.000000	0.000000	0.025400	55.500000	0.000400	130.503000
2500.000000	12.600000	0.152400	39.600000	0.058400	106.880000
2500.000000	15.400000	0.050800	31.700000	0.029000	119.945000
630.000000	0.000000	0.152400	39.600000	0.001900	124.403000
3150.000000	2.000000	0.228600	71.300000	0.002900	126.116000
500.000000	9.900000	0.152400	31.700000	0.025300	127.179000
1600.000000	12.300000	0.101600	55.500000	0.036800	121.824000
3150.000000	7.200000	0.152400	71.300000	0.007500	116.783000
10000.000000	1.500000	0.304800	71.300000	0.003400	113.492000
16000.000000	4.000000	0.228600	71.300000	0.004000	112.768000
1250.000000	0.000000	0.101600	39.600000	0.001500	132.271000
2500.000000	2.000000	0.228600	71.300000	0.002900	127.006000
1250.000000	8.900000	0.101600	71.300000	0.010300	132.793000
2000.000000	0.000000	0.101600	55.500000	0.001300	132.540000
6300.000000	9.500000	0.025400	39.600000	0.004500	120.324000
200.000000	7.300000	0.228600	31.700000	0.013300	128.679000
6300.000000	5.300000	0.228600	71.300000	0.005200	116.920000
1250.000000	11.200000	0.050800	39.600000	0.015000	130.050000
1600.000000	0.000000	0.304800	39.600000	0.003100	124.049000
1600.000000	0.000000	0.304800	31.700000	0.003300	122.365000
800.000000	17.400000	0.025400	31.700000	0.017700	139.226000
3150.000000	3.000000	0.304800	39.600000	0.005000	118.922000
800.000000	8.900000	0.101600	71.300000	0.010300	137.813000
400.000000	9.500000	0.025400	31.700000	0.004600	124.756000
500.000000	6.700000	0.101600	39.600000	0.005800	130.955000
5000.000000	7.300000	0.228600	39.600000	0.012300	111.959000
1000.000000	2.000000	0.228600	39.600000	0.003500	129.147000
500.000000	22.200000	0.025400	39.600000	0.022900	129.776000
1250.000000	5.400000	0.152400	71.300000	0.004000	134.111000
1600.000000	9.900000	0.152400	71.300000	0.019300	121.789000
1250.000000	17.400000	0.025400	55.500000	0.016600	129.301000
6300.000000	12.300000	0.101600	31.700000	0.041900	107.267000
2500.000000	12.300000	0.101600	55.500000	0.036800	117.054000
2000.000000	2.700000	0.152400	71.300000	0.002400	130.114000
4000.000000	3.300000	0.101600	39.600000	0.002500	124.881000
5000.000000	2.000000	0.228600	71.300000	0.002900	122.816000
1000.000000	8.400000	0.050800	55.500000	0.005400	130.722000
400.000000	5.300000	0.228600	39.600000	0.006100	131.221000
8000.000000	3.000000	0.304800	39.600000	0.005000	110.652000
1250.000000	12.300000	0.101600	31.700000	0.041900	118.767000
3150.000000	7.300000	0.228600	71.300000	0.010400	120.458000
1600.000000	7.200000	0.152400	71.300000	0.007500	130.893000
8000.000000	2.700000	0.152400	39.600000	0.002900	116.659000
1000.000000	12.300000	0.101600	71.300000	0.033800	127.928000
630.000000	3.000000	0.304800	55.500000	0.004500	129.569000
4000.000000	7.300000	0.228600	39.600000	0.012300	114.079000
500.000000	4.800000	0.025400	31.700000	0.000900	116.128000
500.000000	7.200000	0.152400	39.600000	0.009100	132.658000
5000.000000	5.400000	0.152400	31.700000	0.005300	115.691000
2000.000000	17.400000	0.025400	39.600000	0.017200	126.644000
4000.000000	5.400000	0.152400	71.300000	0.004000	121.431000
1000.000000	8.900000	0.101600	39.600000	0.012500	129.580000
2500.000000	8.400000	0.050800	31.700000	0.005800	125.576000
6300.000000	3.300000	0.101600	39.600000	0.002500	120.851000
6300.000000	5.400000	0.152400	55.500000	0.004300	117.287000
6300.000000	12.600000	0.152400	71.300000	0.048300	107.284000
2000.000000	5.300000	0.228600	71.300000	0.005200	125.890000
630.000000	9.500000	0.025400	31.700000	0.004600	129.006000
1000.000000	12.300000	0.101600	31.700000	0.041900	119.777000
10000.000000	3.300000	0.101600	55.500000	0.002200	115.659000
5000.000000	3.300000	0.101600	39.600000	0.002500	122.371000
5000.000000	17.400000	0.025400	71.300000	0.016100	123.126000
200.000000	8.900000	0.101600	71.300000	0.010300	133.503000
4000.000000	0.000000	0.050800	31.700000	0.000800	134.110000
630.000000	17.400000	0.025400	71.300000	0.016100	122.606000
1000.000000	0.000000	0.050800	55.500000	0.000800	125.586000
4000.000000	0.000000	0.152400	39.600000	0.001900	125.343000
12500.000000	1.500000	0.304800	71.300000	0.003400	109.222000
250.000000	7.300000	0.228600	31.700000	0.013300	130.089000
12500.000000	0.000000	0.101600	55.500000	0.001300	119.910000
1600.000000	5.300000	0.228600	71.300000	0.005200	130.460000
4000.000000	4.000000	0.228600	55.500000	0.004300	120.654000
5000.000000	0.000000	0.304800	55.500000	0.002800	119.606000
4000.000000	15.400000	0.050800	71.300000	0.026400	122.675000
500.000000	0.000000	0.228600	39.600000	0.002500	126.195000
400.000000	3.000000	0.304800	71.300000	0.004300	127.564000
5000.000000	5.300000	0.228600	39.600000	0.006100	115.311000
500.000000	4.800000	0.025400	39.600000	0.000900	116.366000
2000.000000	0.000000	0.101600	39.600000	0.001500	133.251000
4000.000000	12.300000	0.101600	31.700000	0.041900	108.407000
800.000000	4.800000	0.025400	39.600000	0.000900	120.766000
5000.000000	0.000000	0.152400	55.500000	0.001700	125.203000
4000.000000	2.700000	0.152400	71.300000	0.002400	126.534000
1000.000000	0.000000	0.025400	31.700000	0.000400	125.127000
1250.000000	0.000000	0.304800	31.700000	0.003300	124.355000
250.000000	7.300000	0.228600	39.600000	0.012300	131.889000
800.000000	7.300000	0.228600	39.600000	0.012300	126.299000
5000.000000	0.000000	0.304800	39.600000	0.003100	117.789000
500.000000	12.300000	0.101600	55.500000	0.036800	133.774000
5000.000000	0.000000	0.152400	39.600000	0.001900	123.453000
630.000000	3.300000	0.101600	39.600000	0.002500	127.251000
1600.000000	2.000000	0.228600	31.700000	0.003700	125.797000
1000.000000	1.500000	0.304800	71.300000	0.003400	125.992000
6300.000000	0.000000	0.050800	55.500000	0.000800	132.796000
3150.000000	9.500000	0.025400	31.700000	0.004600	128.536000
630.000000	9.500000	0.025400	55.500000	0.004300	125.452000
1600.000000	9.500000	0.025400	39.600000	0.004500	131.184000
1000.000000	7.300000	0.228600	31.700000	0.013300	119.099000
400.000000	22.200000	0.025400	71.300000	0.021400	117.927000
2500.000000	0.000000	0.152400	31.700000	0.002100	125.867000
500.000000	12.700000	0.025400	39.600000	0.013000	127.127000
4000.000000	0.000000	0.025400	55.500000	0.000400	133.223000
2500.000000	0.000000	0.025400	39.600000	0.000400	131.836000
250.000000	7.300000	0.228600	71.300000	0.010400	139.918000
800.000000	9.500000	0.025400	31.700000	0.004600	130.746000
400.000000	15.400000	0.050800	55.500000	0.027200	126.500000
2500.000000	0.000000	0.228600	71.300000	0.002100	128.354000
630.000000	4.000000	0.304800	71.300000	0.005000	131.615000
1000.000000	22.200000	0.025400	39.600000	0.022900	128.416000
315.000000	4.000000	0.228600	31.700000	0.005100	123.609000
6300.000000	12.700000	0.025400	39.600000	0.013000	123.177000
10000.000000	0.000000	0.101600	71.300000	0.001200	123.305000
1000.000000	0.000000	0.304800	71.300000	0.002700	125.201000
10000.000000	1.500000	0.304800	39.600000	0.003900	108.991000
2500.000000	0.000000	0.304800	31.700000	0.003300	120.755000
1000.000000	9.900000	0.152400	39.600000	0.023300	123.835000
1000.000000	0.000000	0.101600	55.500000	0.001300	129.800000
2500.000000	12.300000	0.101600	39.600000	0.040800	113.315000
5000.000000	0.000000	0.101600	39.600000	0.001500	126.021000
800.000000	5.400000	0.152400	55.500000	0.004300	133.097000
315.000000	9.900000	0.152400	31.700000	0.025300	128.809000
630.000000	15.600000	0.101600	39.600000	0.052800	118.084000
4000.000000	12.700000	0.025400	71.300000	0.012200	131.808000
1250.000000	2.700000	0.152400	71.300000	0.002400	130.144000
1250.000000	4.800000	0.025400	39.600000	0.000900	125.026000
6300.000000	9.500000	0.025400	71.300000	0.004200	127.246000
2000.000000	9.500000	0.025400	55.500000	0.004300	134.052000
3150.000000	0.000000	0.025400	71.300000	0.000400	137.007000
3150.000000	4.000000	0.228600	39.600000	0.004700	120.419000
3150.000000	0.000000	0.228600	31.700000	0.002700	123.445000
5000.000000	3.300000	0.101600	55.500000	0.002200	124.839000
1600.000000	15.400000	0.050800	31.700000	0.029000	121.485000
1600.000000	1.500000	0.304800	71.300000	0.003400	126.632000
2500.000000	4.000000	0.304800	71.300000	0.005000	123.775000
10000.000000	0.000000	0.152400	55.500000	0.001700	119.253000
400.000000	9.500000	0.025400	39.600000	0.004500	121.154000
2000.000000	0.000000	0.228600	31.700000	0.002700	123.455000
800.000000	9.900000	0.152400	31.700000	0.025300	125.539000
1250.000000	4.000000	0.228600	31.700000	0.005100	128.119000
4000.000000	9.900000	0.152400	55.500000	0.020800	112.945000
4000.000000	0.000000	0.101600	71.300000	0.001200	130.935000
500.000000	0.000000	0.304800	31.700000	0.003300	127.315000
1000.000000	9.900000	0.152400	55.500000	0.020800	124.665000
1000.000000	12.300000	0.101600	39.600000	0.040800	122.435000
3150.000000	8.400000	0.050800	39.600000	0.005700	123.965000
1600.000000	0.000000	0.152400	39.600000	0.001900	131.013000
1600.000000	0.000000	0.050800	55.500000	0.000800	128.576000
8000.000000	0.000000	0.152400	55.500000	0.001700	121.903000
250.000000	15.400000	0.050800	31.700000	0.029000	121.225000
1000.000000	17.400000	0.025400	71.300000	0.016100	125.816000
800.000000	2.000000	0.228600	55.500000	0.003100	128.492000
6300.000000	7.200000	0.152400	71.300000	0.007500	116.603000
4000.000000	11.200000	0.050800	39.600000	0.015000	115.520000
10000.000000	3.000000	0.304800	55.500000	0.004500	112.169000
250.000000	15.400000	0.050800	71.300000	0.026400	124.835000
800.000000	5.400000	0.152400	39.600000	0.004900	132.757000
2500.000000	12.300000	0.101600	31.700000	0.041900	110.317000
10000.000000	0.000000	0.025400	71.300000	0.000400	130.787000
400.000000	3.000000	0.304800	55.500000	0.004500	126.159000
630.000000	0.000000	0.304800	55.500000	0.002800	127.696000
5000.000000	0.000000	0.304800	31.700000	0.003300	115.645000
2000.000000	8.400000	0.050800	31.700000	0.005800	127.686000
16000.000000	0.000000	0.025400	55.500000	0.000400	125.683000
500.000000	2.000000	0.228600	55.500000	0.003100	124.692000
800.000000	8.400000	0.050800	55.500000	0.005400	128.562000
500.000000	4.000000	0.228600	39.600000	0.004700	127.039000
1250.000000	15.400000	0.050800	31.700000	0.029000	123.255000
6300.000000	8.900000	0.101600	39.600000	0.012500	113.110000
8000.000000	4.200000	0.050800	39.600000	0.001500	120.397000
315.000000	17.400000	0.025400	71.300000	0.016100	115.846000
1600.000000	4.200000	0.050800	71.300000	0.001400	124.318000
1000.000000	15.400000	0.050800	31.700000	0.029000	124.525000
2000.000000	9.500000	0.025400	31.700000	0.004600	130.496000
8000.000000	4.000000	0.228600	55.500000	0.004300	112.524000
630.000000	2.000000	0.228600	55.500000	0.003100	126.842000
16000.000000	4.800000	0.025400	71.300000	0.000800	124.208000
315.000000	15.600000	0.101600	71.300000	0.043700	133.808000
1250.000000	0.000000	0.101600	71.300000	0.001200	130.335000
1250.000000	2.000000	0.228600	31.700000	0.003700	128.677000
5000.000000	0.000000	0.152400	31.700000	0.002100	122.397000
2000.000000	4.000000	0.228600	31.700000	0.005100	122.089000
5000.000000	12.600000	0.152400	71.300000	0.048300	108.034000
2500.000000	3.300000	0.101600	55.500000	0.002200	132.889000
250.000000	17.400000	0.025400	55.500000	0.016600	110.491000
5000.000000	9.900000	0.152400	55.500000	0.020800	112.065000
500.000000	15.400000	0.050800	71.300000	0.026400	127.285000
1000.000000	9.500000	0.025400	39.600000	0.004500	130.374000
2000.000000	9.900000	0.152400	71.300000	0.019300	120.779000
500.000000	4.000000	0.228600	71.300000	0.004000	126.758000
3150.000000	3.000000	0.304800	31.700000	0.005300	118.108000
5000.000000	15.400000	0.050800	71.300000	0.026400	119.135000
500.000000	6.700000	0.101600	55.500000	0.005200	129.343000
1600.000000	0.000000	0.228600	71.300000	0.002100	129.134000
2000.000000	12.700000	0.025400	71.300000	0.012200	134.228000
800.000000	3.000000	0.304800	31.700000	0.005300	128.708000
800.000000	5.400000	0.152400	31.700000	0.005300	131.491000
2500.000000	0.000000	0.228600	31.700000	0.002700	123.445000
800.000000	6.700000	0.101600	31.700000	0.005900	132.886000
2500.000000	4.800000	0.025400	39.600000	0.000900	131.236000
250.000000	8.900000	0.101600	71.300000	0.010300	134.533000
500.000000	0.000000	0.304800	55.500000	0.002800	126.416000
500.000000	9.900000	0.152400	39.600000	0.023300	126.835000
2000.000000	0.000000	0.025400	55.500000	0.000400	127.623000
630.000000	0.000000	0.152400	55.500000	0.001700	123.583000
8000.000000	0.000000	0.050800	39.600000	0.000800	128.518000
3150.000000	0.000000	0.050800	55.500000	0.000800	134.826000
315.000000	15.400000	0.050800	71.300000	0.026400	126.195000
1000.000000	2.700000	0.152400	39.600000	0.002900	130.589000
3150.000000	9.900000	0.152400	31.700000	0.025300	112.209000
6300.000000	5.400000	0.152400	39.600000	0.004900	116.677000
5000.000000	4.800000	0.025400	39.600000	0.000900	135.426000
1600.000000	0.000000	0.228600	55.500000	0.002300	126.790000
500.000000	17.400000	0.025400	71.300000	0.016100	119.806000
500.000000	11.200000	0.050800	71.300000	0.014100	130.311000
2500.000000	0.000000	0.304800	39.600000	0.003100	121.399000
400.000000	7.200000	0.152400	39.600000	0.009100	132.118000
800.000000	19.700000	0.050800	39.600000	0.036500	119.174000
315.000000	7.200000	0.152400	39.600000	0.009100	130.558000
800.000000	17.400000	0.025400	39.600000	0.017200	135.324000
400.000000	5.400000	0.152400	39.600000	0.004900	127.637000
200.000000	0.000000	0.304800	39.600000	0.003100	118.129000
630.000000	0.000000	0.101600	39.600000	0.001500	125.401000
3150.000000	1.500000	0.304800	71.300000	0.003400	123.392000
3150.000000	4.800000	0.025400	31.700000	0.000900	134.268000
800.000000	19.700000	0.050800	71.300000	0.034100	124.555000
500.000000	2.700000	0.152400	39.600000	0.002900	121.009000
1250.000000	12.700000	0.025400	39.600000	0.013000	130.777000
1600.000000	4.800000	0.025400	39.600000	0.000900	125.966000
3150.000000	17.400000	0.025400	39.600000	0.017200	123.564000
315.000000	5.400000	0.152400	31.700000	0.005300	125.741000
250.000000	7.300000	0.228600	55.500000	0.011200	136.384000
400.000000	19.700000	0.050800	39.600000	0.036500	130.614000
400.000000	3.000000	0.304800	39.600000	0.005000	125.472000
630.000000	5.300000	0.228600	71.300000	0.005200	131.800000
1600.000000	4.000000	0.304800	71.300000	0.005000	126.645000
3150.000000	12.300000	0.101600	31.700000	0.041900	110.307000
400.000000	2.000000	0.228600	39.600000	0.003500	122.147000
6300.000000	12.300000	0.101600	71.300000	0.033800	113.958000
10000.000000	0.000000	0.050800	55.500000	0.000800	127.636000
500.000000	17.400000	0.025400	31.700000	0.017700	127.676000
630.000000	3.300000	0.101600	55.500000	0.002200	126.599000
2500.000000	0.000000	0.228600	39.600000	0.002500	125.025000
1600.000000	4.800000	0.025400	55.500000	0.000900	121.474000
250.000000	12.300000	0.101600	71.300000	0.033800	131.568000
400.000000	9.900000	0.152400	55.500000	0.020800	131.605000
6300.000000	4.200000	0.050800	39.600000	0.001500	125.717000
2500.000000	0.000000	0.050800	71.300000	0.000700	131.310000
200.000000	15.600000	0.101600	39.600000	0.052800	123.514000
4000.000000	12.600000	0.152400	71.300000	0.048300	108.034000
630.000000	6.700000	0.101600	55.500000	0.005200	133.023000
1250.000000	15.600000	0.101600	39.600000	0.052800	118.214000
1250.000000	12.700000	0.025400	71.300000	0.012200	133.048000
800.000000	0.000000	0.304800	39.600000	0.003100	129.099000
8000.000000	4.000000	0.304800	71.300000	0.005000	113.665000
2500.000000	0.000000	0.101600	31.700000	0.001500	132.003000
315.000000	11.200000	0.050800	39.600000	0.015000	128.990000
1000.000000	4.000000	0.228600	31.700000	0.005100	129.869000
20000.000000	4.800000	0.025400	55.500000	0.000900	121.284000
5000.000000	9.900000	0.152400	39.600000	0.023300	111.135000
3150.000000	0.000000	0.228600	71.300000	0.002100	127.834000
630.000000	11.200000	0.050800	71.300000	0.014100	133.611000
12500.000000	2.700000	0.152400	39.600000	0.002900	108.649000
2500.000000	4.800000	0.025400	71.300000	0.000800	130.828000
6300.000000	5.400000	0.152400	71.300000	0.004000	116.411000
3150.000000	15.400000	0.050800	31.700000	0.029000	118.045000
4000.000000	19.700000	0.050800	71.300000	0.034100	113.045000
1000.000000	7.300000	0.228600	55.500000	0.011200	125.194000
800.000000	15.600000	0.101600	71.300000	0.043700	124.188000
5000.000000	0.000000	0.050800	31.700000	0.000800	133.230000
800.000000	7.200000	0.152400	39.600000	0.009100	132.358000
500.000000	11.200000	0.050800	39.600000	0.015000	131.960000
2500.000000	5.400000	0.152400	39.600000	0.004900	120.497000
500.000000	15.400000	0.050800	55.500000	0.027200	127.220000
5000.000000	12.300000	0.101600	39.600000	0.040800	108.625000
800.000000	7.200000	0.152400	71.300000	0.007500	136.023000
2000.000000	5.400000	0.152400	71.300000	0.004000	131.111000
12500.000000	1.500000	0.304800	39.600000	0.003900	106.111000
315.000000	2.000000	0.228600	31.700000	0.003700	120.147000
4000.000000	17.400000	0.025400	55.500000	0.016600	121.771000
1600.000000	0.000000	0.152400	31.700000	0.002100	130.817000
6300.000000	0.000000	0.101600	55.500000	0.001300	127.730000
10000.000000	0.000000	0.050800	31.700000	0.000800	122.450000
4000.000000	12.600000	0.152400	39.600000	0.058400	104.500000
2000.000000	0.000000	0.050800	55.500000	0.000800	131.456000
1250.000000	0.000000	0.050800	39.600000	0.000800	129.148000
1000.000000	0.000000	0.152400	71.300000	0.001600	127.307000
250.000000	7.200000	0.152400	39.600000	0.009100	127.488000
2000.000000	19.700000	0.050800	71.300000	0.034100	120.055000
2500.000000	22.200000	0.025400	71.300000	0.021400	126.097000
315.000000	0.000000	0.304800	31.700000	0.003300	122.765000
1250.000000	0.000000	0.228600	71.300000	0.002100	128.144000
1250.000000	4.000000	0.304800	39.600000	0.005800	126.343000
2000.000000	8.900000	0.101600	71.300000	0.010300	124.233000
500.000000	8.900000	0.101600	39.600000	0.012500	133.790000
8000.000000	4.800000	0.025400	55.500000	0.000900	132.184000
3150.000000	12.600000	0.152400	39.600000	0.058400	106.260000
1250.000000	7.200000	0.152400	39.600000	0.009100	122.428000
630.000000	12.300000	0.101600	71.300000	0.033800	135.368000
6300.000000	7.200000	0.152400	39.600000	0.009100	112.688000
2000.000000	11.200000	0.050800	39.600000	0.015000	124.420000
4000.000000	8.400000	0.050800	31.700000	0.005800	118.106000
2500.000000	0.000000	0.050800	31.700000	0.000800	134.870000
500.000000	15.400000	0.050800	31.700000	0.029000	123.695000
630.000000	4.800000	0.025400	31.700000	0.000900	120.078000
1600.000000	11.200000	0.050800	71.300000	0.014100	135.191000
4000.000000	12.700000	0.025400	39.600000	0.013000	126.537000
1250.000000	19.700000	0.050800	39.600000	0.036500	118.634000
630.000000	17.400000	0.025400	31.700000	0.017700	136.886000
4000.000000	0.000000	0.025400	71.300000	0.000400	138.557000
2500.000000	19.700000	0.050800	39.600000	0.036500	116.184000
2000.000000	0.000000	0.152400	55.500000	0.001700	129.673000
12500.000000	0.000000	0.304800	71.300000	0.002700	112.241000
1000.000000	3.300000	0.101600	39.600000	0.002500	131.971000
200.000000	9.900000	0.152400	55.500000	0.020800	131.955000
4000.000000	7.200000	0.152400	71.300000	0.007500	119.343000
630.000000	5.400000	0.152400	39.600000	0.004900	132.357000
6300.000000	0.000000	0.228600	55.500000	0.002300	118.410000
3150.000000	6.700000	0.101600	71.300000	0.004800	124.458000
2500.000000	3.300000	0.101600	71.300000	0.002000	133.894000
1000.000000	2.000000	0.228600	31.700000	0.003700	130.307000
2500.000000	22.200000	0.025400	39.600000	0.022900	121.306000
1600.000000	8.900000	0.101600	71.300000	0.010300	128.763000
12500.000000	0.000000	0.025400	71.300000	0.000400	133.207000
8000.000000	0.000000	0.304800	71.300000	0.002700	117.151000
400.000000	6.700000	0.101600	31.700000	0.005900	128.296000
315.000000	12.600000	0.152400	39.600000	0.058400	116.020000
800.000000	12.700000	0.025400	39.600000	0.013000	130.217000
2000.000000	5.400000	0.152400	39.600000	0.004900	124.647000
1250.000000	8.400000	0.050800	39.600000	0.005700	131.205000
800.000000	2.000000	0.228600	71.300000	0.002900	128.216000
3150.000000	0.000000	0.304800	31.700000	0.003300	119.135000
2500.000000	5.400000	0.152400	71.300000	0.004000	127.591000
800.000000	4.000000	0.228600	55.500000	0.004300	131.864000
2000.000000	19.700000	0.050800	39.600000	0.036500	117.724000
630.000000	0.000000	0.304800	39.600000	0.003100	128.629000
1250.000000	17.400000	0.025400	31.700000	0.017700	128.306000
5000.000000	4.000000	0.228600	71.300000	0.004000	121.118000
630.000000	9.900000	0.152400	71.300000	0.019300	129.889000
5000.000000	4.800000	0.025400	71.300000	0.000800	135.468000
1600.000000	17.400000	0.025400	31.700000	0.017700	126.846000
2000.000000	0.000000	0.304800	55.500000	0.002800	126.616000
400.000000	4.000000	0.304800	71.300000	0.005000	129.575000
4000.000000	2.000000	0.228600	39.600000	0.003500	120.227000
3150.000000	8.400000	0.050800	71.300000	0.005300	131.966000
3150.000000	2.000000	0.228600	31.700000	0.003700	121.527000
1250.000000	4.000000	0.304800	71.300000	0.005000	129.395000
1250.000000	9.500000	0.025400	71.300000	0.004200	131.656000
4000.000000	9.500000	0.025400	39.600000	0.004500	127.864000
200.000000	12.600000	0.152400	71.300000	0.048300	128.354000
6300.000000	9.900000	0.152400	55.500000	0.020800	110.555000
200.000000	15.600000	0.101600	71.300000	0.043700	130.898000
10000.000000	4.000000	0.228600	71.300000	0.004000	113.108000
800.000000	8.400000	0.050800	71.300000	0.005300	127.556000
630.000000	7.200000	0.152400	71.300000	0.007500	134.853000
3150.000000	0.000000	0.228600	39.600000	0.002500	124.625000
4000.000000	17.400000	0.025400	31.700000	0.017700	121.996000
1250.000000	0.000000	0.050800	55.500000	0.000800	127.076000
1250.000000	3.000000	0.304800	31.700000	0.005300	124.838000
1600.000000	9.900000	0.152400	31.700000	0.025300	117.119000
2000.000000	3.300000	0.101600	71.300000	0.002000	134.034000
4000.000000	0.000000	0.304800	31.700000	0.003300	118.145000
1000.000000	0.000000	0.304800	39.600000	0.003100	127.899000
630.000000	0.000000	0.101600	55.500000	0.001300	126.170000
4000.000000	0.000000	0.050800	39.600000	0.000800	135.308000
2500.000000	0.000000	0.304800	71.300000	0.002700	125.571000
1600.000000	4.000000	0.228600	39.600000	0.004700	125.319000
6300.000000	7.300000	0.228600	55.500000	0.011200	111.534000
800.000000	15.600000	0.101600	39.600000	0.052800	118.964000
1250.000000	5.300000	0.228600	39.600000	0.006100	125.721000
400.000000	12.300000	0.101600	31.700000	0.041900	123.207000
1250.000000	9.500000	0.025400	55.500000	0.004300	132.202000
800.000000	8.400000	0.050800	31.700000	0.005800	128.246000
2500.000000	4.000000	0.304800	39.600000	0.005800	120.233000
315.000000	12.700000	0.025400	71.300000	0.012200	122.938000
1600.000000	4.800000	0.025400	31.700000	0.000900	128.718000
2000.000000	12.300000	0.101600	71.300000	0.033800	122.218000
1600.000000	0.000000	0.101600	31.700000	0.001500	133.553000
2000.000000	2.000000	0.228600	55.500000	0.003100	124.612000
2500.000000	2.000000	0.228600	39.600000	0.003500	121.397000
10000.000000	0.000000	0.025400	39.600000	0.000400	133.376000
5000.000000	17.400000	0.025400	31.700000	0.017700	117.996000
1600.000000	12.700000	0.025400	71.300000	0.012200	134.528000
3150.000000	0.000000	0.025400	39.600000	0.000400	133.276000
3150.000000	15.400000	0.050800	71.300000	0.026400	125.715000
800.000000	12.300000	0.101600	71.300000	0.033800	127.318000
5000.000000	0.000000	0.025400	39.600000	0.000400	136.536000
2000.000000	12.700000	0.025400	39.600000	0.013000	129.567000
2000.000000	3.300000	0.101600	31.700000	0.002500	131.642000
20000.000000	4.000000	0.228600	71.300000	0.004000	109.638000
6300.000000	12.700000	0.025400	71.300000	0.012200	125.398000
315.000000	9.900000	0.152400	55.500000	0.020800	132.355000
6300.000000	0.000000	0.152400	71.300000	0.001600	125.427000
10000.000000	3.300000	0.101600	71.300000	0.002000	116.694000
2500.000000	4.200000	0.050800	71.300000	0.001400	131.978000
1250.000000	4.000000	0.228600	55.500000	0.004300	131.264000
400.000000	9.900000	0.152400	39.600000	0.023300	128.345000
1000.000000	4.000000	0.304800	39.600000	0.005800	128.723000
4000.000000	8.400000	0.050800	71.300000	0.005300	126.926000
8000.000000	0.000000	0.304800	31.700000	0.003300	110.515000
200.000000	15.400000	0.050800	39.600000	0.028300	121.783000
2500.000000	3.000000	0.304800	39.600000	0.005000	120.162000
1600.000000	6.700000	0.101600	31.700000	0.005900	124.346000
1250.000000	4.800000	0.025400	31.700000	0.000900	127.408000
1250.000000	0.000000	0.304800	55.500000	0.002800	126.086000
315.000000	19.700000	0.050800	39.600000	0.036500	129.864000
400.000000	9.900000	0.152400	31.700000	0.025300	128.939000
2000.000000	11.200000	0.050800	71.300000	0.014100	133.311000
6300.000000	4.800000	0.025400	71.300000	0.000800	134.498000
200.000000	15.400000	0.050800	55.500000	0.027200	122.940000
8000.000000	3.000000	0.304800	71.300000	0.004300	114.634000
1000.000000	6.700000	0.101600	71.300000	0.004800	136.758000
400.000000	8.400000	0.050800	55.500000	0.005400	121.582000
800.000000	12.700000	0.025400	71.300000	0.012200	130.348000
2500.000000	9.500000	0.025400	55.500000	0.004300	134.152000
6300.000000	0.000000	0.304800	39.600000	0.003100	116.229000
10000.000000	4.000000	0.304800	71.300000	0.005000	110.905000
8000.000000	15.400000	0.050800	71.300000	0.026400	112.675000
400.000000	12.700000	0.025400	71.300000	0.012200	125.048000
800.000000	7.300000	0.228600	71.300000	0.010400	130.748000
5000.000000	0.000000	0.025400	71.300000	0.000400	136.837000
3150.000000	2.700000	0.152400	71.300000	0.002400	127.054000
500.000000	9.900000	0.152400	55.500000	0.020800	127.815000
1000.000000	0.000000	0.152400	31.700000	0.002100	130.987000
10000.000000	7.200000	0.152400	39.600000	0.009100	110.868000
800.000000	15.400000	0.050800	71.300000	0.026400	131.515000
630.000000	8.400000	0.050800	39.600000	0.005700	126.045000
5000.000000	4.200000	0.050800	39.600000	0.001500	129.777000
10000.000000	0.000000	0.228600	71.300000	0.002100	118.134000
400.000000	5.400000	0.152400	55.500000	0.004300	126.807000
3150.000000	8.900000	0.101600	39.600000	0.012500	119.350000
800.000000	9.500000	0.025400	71.300000	0.004200	127.206000
1250.000000	9.500000	0.025400	39.600000	0.004500	130.964000
8000.000000	12.700000	0.025400	39.600000	0.013000	120.607000
2000.000000	0.000000	0.101600	31.700000	0.001500	133.153000
2500.000000	9.500000	0.025400	71.300000	0.004200	135.956000
400.000000	19.700000	0.050800	71.300000	0.034100	123.865000
1000.000000	2.000000	0.228600	71.300000	0.002900	128.956000
5000.000000	4.800000	0.025400	31.700000	0.000900	135.248000
2500.000000	9.500000	0.025400	31.700000	0.004600	130.086000
630.000000	9.500000	0.025400	39.600000	0.004500	126.514000
630.000000	5.400000	0.152400	31.700000	0.005300	131.471000
800.000000	3.300000	0.101600	39.600000	0.002500	129.991000
8000.000000	3.300000	0.101600	55.500000	0.002200	120.569000
4000.000000	3.000000	0.304800	71.300000	0.004300	120.264000
8000.000000	5.400000	0.152400	55.500000	0.004300	114.927000
1600.000000	17.400000	0.025400	39.600000	0.017200	127.614000
6300.000000	0.000000	0.025400	31.700000	0.000400	138.537000
2500.000000	2.000000	0.228600	55.500000	0.003100	123.862000
1000.000000	3.300000	0.101600	31.700000	0.002500	133.012000
1600.000000	3.000000	0.304800	55.500000	0.004500	124.439000
1600.000000	15.400000	0.050800	55.500000	0.027200	128.200000
800.000000	3.000000	0.304800	55.500000	0.004500	129.949000
3150.000000	4.800000	0.025400	71.300000	0.000800	133.378000
8000.000000	1.500000	0.304800	39.600000	0.003900	112.251000
3150.000000	4.000000	0.228600	55.500000	0.004300	122.394000
1000.000000	8.400000	0.050800	39.600000	0.005700	130.195000
6300.000000	9.900000	0.152400	31.700000	0.025300	108.689000
500.000000	9.500000	0.025400	55.500000	0.004300	123.082000
8000.000000	0.000000	0.050800	71.300000	0.000700	130.890000
2500.000000	17.400000	0.025400	55.500000	0.016600	124.931000
630.000000	7.300000	0.228600	71.300000	0.010400	133.768000
1600.000000	3.300000	0.101600	39.600000	0.002500	133.071000
250.000000	17.400000	0.025400	31.700000	0.017700	116.956000
500.000000	2.000000	0.228600	31.700000	0.003700	126.677000
800.000000	5.300000	0.228600	39.600000	0.006100	129.491000
2000.000000	0.000000	0.025400	39.600000	0.000400	130.026000
2500.000000	7.300000	0.228600	71.300000	0.010400	122.088000
2000.000000	0.000000	0.152400	31.700000	0.002100	128.907000
5000.000000	0.000000	0.050800	39.600000	0.000800	134.308000
250.000000	12.600000	0.152400	39.600000	0.058400	115.890000
8000.000000	0.000000	0.101600	71.300000	0.001200	125.465000
10000.000000	3.000000	0.304800	71.300000	0.004300	110.224000
800.000000	0.000000	0.050800	71.300000	0.000700	130.960000
1600.000000	2.000000	0.228600	55.500000	0.003100	126.752000
1250.000000	8.400000	0.050800	55.500000	0.005400	132.252000
5000.000000	1.500000	0.304800	39.600000	0.003900	116.241000
6300.000000	5.300000	0.228600	39.600000	0.006100	112.541000
2500.000000	9.500000	0.025400	39.600000	0.004500	131.234000
5000.000000	2.000000	0.228600	39.600000	0.003500	118.827000
4000.000000	0.000000	0.101600	39.600000	0.001500	127.801000
1600.000000	0.000000	0.050800	39.600000	0.000800	130.908000
5000.000000	1.500000	0.304800	71.300000	0.003400	119.632000
1250.000000	0.000000	0.152400	55.500000	0.001700	129.953000
500.000000	8.400000	0.050800	55.500000	0.005400	123.742000
630.000000	9.500000	0.025400	71.300000	0.004200	125.726000
12500.000000	0.000000	0.050800	55.500000	0.000800	125.376000
4000.000000	0.000000	0.025400	31.700000	0.000400	137.047000
8000.000000	2.700000	0.152400	71.300000	0.002400	120.534000
1600.000000	6.700000	0.101600	39.600000	0.005800	127.375000
5000.000000	3.300000	0.101600	71.300000	0.002000	127.054000
6300.000000	0.000000	0.228600	39.600000	0.002500	117.465000
1000.000000	7.200000	0.152400	71.300000	0.007500	134.273000
630.000000	2.000000	0.228600	71.300000	0.002900	127.356000
10000.000000	4.200000	0.050800	71.300000	0.001400	121.238000
800.000000	22.200000	0.025400	71.300000	0.021400	123.227000
500.000000	7.300000	0.228600	31.700000	0.013300	128.169000
800.000000	0.000000	0.152400	55.500000	0.001700	126.713000
630.000000	12.700000	0.025400	39.600000	0.013000	128.867000
1600.000000	8.400000	0.050800	55.500000	0.005400	133.032000
1600.000000	9.500000	0.025400	71.300000	0.004200	133.756000
630.000000	15.400000	0.050800	39.600000	0.028300	127.443000
1000.000000	15.600000	0.101600	39.600000	0.052800	119.224000
500.000000	4.000000	0.304800	71.300000	0.005000	130.715000
1250.000000	6.700000	0.101600	31.700000	0.005900	129.256000
3150.000000	0.000000	0.228600	55.500000	0.002300	125.160000
630.000000	22.200000	0.025400	39.600000	0.022900	137.026000
1000.000000	0.000000	0.228600	31.700000	0.002700	130.595000
630.000000	12.300000	0.101600	31.700000	0.041900	119.287000
2500.000000	3.300000	0.101600	39.600000	0.002500	130.791000
2000.000000	15.400000	0.050800	71.300000	0.026400	129.285000
8000.000000	0.000000	0.025400	55.500000	0.000400	136.163000
1600.000000	0.000000	0.304800	71.300000	0.002700	127.591000
6300.000000	5.400000	0.152400	31.700000	0.005300	115.591000
6300.000000	15.400000	0.050800	55.500000	0.027200	112.930000
5000.000000	17.400000	0.025400	55.500000	0.016600	118.941000
2000.000000	0.000000	0.050800	31.700000	0.000800	133.010000
5000.000000	12.600000	0.152400	39.600000	0.058400	104.130000
800.000000	0.000000	0.304800	71.300000	0.002700	126.201000
315.000000	5.300000	0.228600	39.600000	0.006100	129.691000
5000.000000	3.000000	0.304800	31.700000	0.005300	113.858000
800.000000	1.500000	0.304800	39.600000	0.003900	128.831000
12500.000000	2.700000	0.152400	71.300000	0.002400	113.034000
4000.000000	0.000000	0.152400	31.700000	0.002100	123.807000
10000.000000	7.200000	0.152400	71.300000	0.007500	110.313000
2500.000000	0.000000	0.101600	71.300000	0.001200	132.595000
1000.000000	22.200000	0.025400	71.300000	0.021400	134.247000
8000.000000	3.300000	0.101600	71.300000	0.002000	121.234000
315.000000	9.500000	0.025400	39.600000	0.004500	119.294000
250.000000	5.300000	0.228600	39.600000	0.006100	127.011000
1000.000000	4.000000	0.228600	71.300000	0.004000	131.708000
1000.000000	17.400000	0.025400	39.600000	0.017200	138.274000
400.000000	7.200000	0.152400	71.300000	0.007500	130.123000
400.000000	4.000000	0.228600	55.500000	0.004300	123.274000
6300.000000	2.700000	0.152400	71.300000	0.002400	121.944000
630.000000	8.900000	0.101600	39.600000	0.012500	131.920000
1600.000000	6.700000	0.101600	55.500000	0.005200	133.653000
800.000000	0.000000	0.152400	31.700000	0.002100	129.117000
800.000000	0.000000	0.228600	39.600000	0.002500	130.205000
800.000000	0.000000	0.304800	31.700000	0.003300	129.235000
800.000000	4.000000	0.228600	71.300000	0.004000	130.688000
630.000000	4.000000	0.228600	31.700000	0.005100	130.349000
1250.000000	0.000000	0.050800	31.700000	0.000800	129.270000
2000.000000	5.300000	0.228600	39.600000	0.006100	117.911000
6300.000000	15.400000	0.050800	39.600000	0.028300	109.663000
2500.000000	2.000000	0.228600	31.700000	0.003700	121.407000
2500.000000	17.400000	0.025400	31.700000	0.017700	124.166000
6300.000000	3.000000	0.304800	71.300000	0.004300	116.134000
3150.000000	9.500000	0.025400	71.300000	0.004200	136.166000
4000.000000	0.000000	0.025400	39.600000	0.000400	135.346000
200.000000	12.300000	0.101600	31.700000	0.041900	124.987000
5000.000000	9.500000	0.025400	55.500000	0.004300	128.412000
5000.000000	3.000000	0.304800	71.300000	0.004300	118.134000
1250.000000	2.000000	0.228600	71.300000	0.002900	128.816000
1600.000000	0.000000	0.228600	39.600000	0.002500	127.095000
1600.000000	0.000000	0.101600	39.600000	0.001500	133.261000
4000.000000	7.300000	0.228600	55.500000	0.011200	117.284000
500.000000	9.500000	0.025400	39.600000	0.004500	123.894000
6300.000000	0.000000	0.050800	31.700000	0.000800	130.340000
3150.000000	11.200000	0.050800	71.300000	0.014100	127.141000
5000.000000	4.000000	0.304800	71.300000	0.005000	117.785000
2000.000000	6.700000	0.101600	39.600000	0.005800	122.235000
8000.000000	4.000000	0.228600	39.600000	0.004700	113.129000
1600.000000	0.000000	0.228600	31.700000	0.002700	125.625000
400.000000	17.400000	0.025400	39.600000	0.017200	115.444000
6300.000000	4.000000	0.228600	71.300000	0.004000	118.618000
2500.000000	2.700000	0.152400	39.600000	0.002900	125.589000
630.000000	5.400000	0.152400	55.500000	0.004300	131.807000
3150.000000	22.200000	0.025400	39.600000	0.022900	120.856000
3150.000000	3.000000	0.304800	71.300000	0.004300	121.514000
2000.000000	5.400000	0.152400	55.500000	0.004300	128.707000
1000.000000	2.700000	0.152400	71.300000	0.002400	128.774000
2000.000000	6.700000	0.101600	71.300000	0.004800	134.568000
6300.000000	0.000000	0.304800	55.500000	0.002800	117.976000
2000.000000	9.500000	0.025400	71.300000	0.004200	134.976000
630.000000	6.700000	0.101600	31.700000	0.005900	132.116000
800.000000	4.000000	0.304800	71.300000	0.005000	131.755000
8000.000000	17.400000	0.025400	71.300000	0.016100	115.466000
2500.000000	8.400000	0.050800	39.600000	0.005700	127.465000
10000.000000	0.000000	0.025400	31.700000	0.000400	134.227000
5000.000000	2.000000	0.228600	55.500000	0.003100	120.472000
5000.000000	7.200000	0.152400	39.600000	0.009100	113.288000
1250.000000	9.900000	0.152400	39.600000	0.023300	120.555000
6300.000000	15.600000	0.101600	39.600000	0.052800	104.204000
6300.000000	0.000000	0.101600	39.600000	0.001500	125.631000
2000.000000	12.300000	0.101600	39.600000	0.040800	114.085000
400.000000	5.300000	0.228600	71.300000	0.005200	127.700000
1000.000000	9.500000	0.025400	71.300000	0.004200	129.556000
800.000000	4.000000	0.228600	39.600000	0.004700	130.469000
4000.000000	9.500000	0.025400	55.500000	0.004300	131.582000
3150.000000	15.400000	0.050800	39.600000	0.028300	120.513000
500.000000	17.400000	0.025400	39.600000	0.017200	117.514000
2000.000000	15.400000	0.050800	31.700000	0.029000	120.835000
1250.000000	9.900000	0.152400	31.700000	0.025300	118.619000
630.000000	8.400000	0.050800	55.500000	0.005400	126.152000
1600.000000	12.600000	0.152400	39.600000	0.058400	110.780000
400.000000	12.300000	0.101600	55.500000	0.036800	136.414000
500.000000	8.400000	0.050800	39.600000	0.005700	122.905000
3150.000000	7.300000	0.228600	39.600000	0.012300	114.309000
800.000000	6.700000	0.101600	39.600000	0.005800	134.625000
4000.000000	15.600000	0.101600	71.300000	0.043700	113.298000
8000.000000	4.800000	0.025400	31.700000	0.000900	127.008000
500.000000	9.900000	0.152400	71.300000	0.019300	131.279000
6300.000000	1.500000	0.304800	71.300000	0.003400	118.122000
630.000000	2.700000	0.152400	71.300000	0.002400	127.404000
1250.000000	6.700000	0.101600	71.300000	0.004800	137.658000
800.000000	15.400000	0.050800	39.600000	0.028300	128.423000
800.000000	12.300000	0.101600	55.500000	0.036800	125.114000
1600.000000	3.000000	0.304800	71.300000	0.004300	126.514000
3150.000000	4.200000	0.050800	71.300000	0.001400	133.728000
400.000000	8.900000	0.101600	71.300000	0.010300	138.123000
6300.000000	9.500000	0.025400	31.700000	0.004600	120.726000
1000.000000	12.700000	0.025400	39.600000	0.013000	130.947000
500.000000	15.400000	0.050800	39.600000	0.028300	125.963000
6300.000000	4.800000	0.025400	55.500000	0.000900	135.164000
1000.000000	5.300000	0.228600	39.600000	0.006100	125.581000
3150.000000	0.000000	0.050800	31.700000	0.000800	135.490000
2500.000000	17.400000	0.025400	71.300000	0.016100	126.746000
2500.000000	3.300000	0.101600	31.700000	0.002500	130.392000
200.000000	11.200000	0.050800	71.300000	0.014100	125.941000
1250.000000	3.300000	0.101600	39.600000	0.002500	133.211000
800.000000	9.500000	0.025400	39.600000	0.004500	129.014000
800.000000	15.400000	0.050800	55.500000	0.027200	130.430000
2500.000000	6.700000	0.101600	55.500000	0.005200	124.273000
20000.000000	4.800000	0.025400	71.300000	0.000800	119.708000
1600.000000	0.000000	0.101600	71.300000	0.001200	131.725000
2500.000000	11.200000	0.050800	71.300000	0.014100	130.541000
4000.000000	0.000000	0.304800	39.600000	0.003100	119.229000
4000.000000	9.900000	0.152400	71.300000	0.019300	115.079000
5000.000000	8.900000	0.101600	39.600000	0.012500	113.080000
3150.000000	15.600000	0.101600	71.300000	0.043700	116.468000
800.000000	17.400000	0.025400	55.500000	0.016600	123.091000
1000.000000	0.000000	0.101600	71.300000	0.001200	128.825000
5000.000000	8.900000	0.101600	71.300000	0.010300	116.723000
630.000000	3.300000	0.101600	31.700000	0.002500	128.952000
5000.000000	7.300000	0.228600	55.500000	0.011200	113.144000
1000.000000	6.700000	0.101600	55.500000	0.005200	137.233000
315.000000	4.000000	0.304800	39.600000	0.005800	126.843000
500.000000	0.000000	0.228600	31.700000	0.002700	126.675000
3150.000000	17.400000	0.025400	55.500000	0.016600	124.101000
1000.000000	3.300000	0.101600	55.500000	0.002200	131.129000
250.000000	9.500000	0.025400	31.700000	0.004600	120.136000
250.000000	9.900000	0.152400	39.600000	0.023300	128.335000
1600.000000	9.500000	0.025400	55.500000	0.004300	133.062000
2000.000000	9.900000	0.152400	31.700000	0.025300	116.859000
5000.000000	9.500000	0.025400	71.300000	0.004200	131.186000
500.000000	4.000000	0.228600	55.500000	0.004300	127.314000
2000.000000	15.600000	0.101600	39.600000	0.052800	110.894000
500.000000	5.300000	0.228600	71.300000	0.005200	129.880000
6300.000000	15.400000	0.050800	31.700000	0.029000	108.185000
3150.000000	3.300000	0.101600	71.300000	0.002000	132.114000
6300.000000	17.400000	0.025400	71.300000	0.016100	119.916000
2500.000000	8.400000	0.050800	55.500000	0.005400	131.542000
4000.000000	9.500000	0.025400	71.300000	0.004200	134.236000
4000.000000	1.500000	0.304800	39.600000	0.003900	117.741000
5000.000000	22.200000	0.025400	71.300000	0.021400	125.727000
2500.000000	19.700000	0.050800	71.300000	0.034100	118.385000
3150.000000	4.800000	0.025400	55.500000	0.000900	132.354000
6300.000000	2.000000	0.228600	71.300000	0.002900	120.786000
630.000000	6.700000	0.101600	39.600000	0.005800	133.355000
250.000000	0.000000	0.304800	31.700000	0.003300	118.595000
12500.000000	4.000000	0.304800	71.300000	0.005000	107.405000
1000.000000	9.900000	0.152400	71.300000	0.019300	126.349000
2000.000000	3.000000	0.304800	31.700000	0.005300	120.088000
12500.000000	0.000000	0.101600	71.300000	0.001200	119.375000
1250.000000	8.400000	0.050800	31.700000	0.005800	130.156000
2000.000000	15.600000	0.101600	71.300000	0.043700	119.888000
400.000000	15.400000	0.050800	71.300000	0.026400	126.805000
2000.000000	7.300000	0.228600	39.600000	0.012300	117.809000
200.000000	9.500000	0.025400	31.700000	0.004600	119.146000
315.000000	19.700000	0.050800	71.300000	0.034100	121.235000
12500.000000	0.000000	0.025400	31.700000	0.000400	128.977000
2500.000000	8.400000	0.050800	71.300000	0.005300	134.226000
2500.000000	2.700000	0.152400	71.300000	0.002400	128.334000
630.000000	8.400000	0.050800	31.700000	0.005800	125.856000
1000.000000	7.300000	0.228600	71.300000	0.010400	126.838000
500.000000	5.400000	0.152400	55.500000	0.004300	129.367000
2000.000000	1.500000	0.304800	39.600000	0.003900	122.101000
2000.000000	6.700000	0.101600	55.500000	0.005200	129.653000
2000.000000	0.000000	0.152400	39.600000	0.001900	129.633000
250.000000	12.300000	0.101600	39.600000	0.040800	129.675000
2000.000000	2.000000	0.228600	31.700000	0.003700	123.037000
200.000000	9.500000	0.025400	39.600000	0.004500	116.074000
800.000000	0.000000	0.101600	31.700000	0.001500	129.053000
5000.000000	15.400000	0.050800	39.600000	0.028300	114.453000
10000.000000	0.000000	0.025400	55.500000	0.000400	134.563000
500.000000	0.000000	0.152400	55.500000	0.001700	120.573000
1000.000000	19.700000	0.050800	39.600000	0.036500	118.904000
4000.000000	12.300000	0.101600	55.500000	0.036800	114.404000
1600.000000	3.000000	0.304800	31.700000	0.005300	122.088000
10000.000000	0.000000	0.304800	71.300000	0.002700	115.391000
16000.000000	0.000000	0.152400	55.500000	0.001700	112.803000
1600.000000	2.000000	0.228600	39.600000	0.003500	125.837000
200.000000	7.300000	0.228600	39.600000	0.012300	130.989000
2500.000000	15.600000	0.101600	71.300000	0.043700	118.998000
800.000000	4.000000	0.228600	31.700000	0.005100	130.869000
630.000000	12.300000	0.101600	39.600000	0.040800	121.315000
4000.000000	9.500000	0.025400	31.700000	0.004600	126.736000
4000.000000	4.200000	0.050800	71.300000	0.001400	133.598000
5000.000000	5.300000	0.228600	71.300000	0.005200	118.050000
12500.000000	0.000000	0.050800	39.600000	0.000800	123.988000
800.000000	0.000000	0.152400	39.600000	0.001900	127.903000
8000.000000	0.000000	0.101600	55.500000	0.001300	124.450000
2500.000000	7.300000	0.228600	31.700000	0.013300	114.709000
6300.000000	9.500000	0.025400	55.500000	0.004300	124.222000
800.000000	11.200000	0.050800	71.300000	0.014100	136.031000
4000.000000	4.000000	0.228600	71.300000	0.004000	121.728000
5000.000000	0.000000	0.025400	31.700000	0.000400	138.607000
250.000000	19.700000	0.050800	39.600000	0.036500	127.224000
1250.000000	8.900000	0.101600	39.600000	0.012500	127.710000
4000.000000	9.900000	0.152400	31.700000	0.025300	111.459000
2500.000000	4.800000	0.025400	55.500000	0.000900	129.144000
4000.000000	11.200000	0.050800	71.300000	0.014100	122.471000
20000.000000	0.000000	0.025400	55.500000	0.000400	121.933000
4000.000000	5.400000	0.152400	55.500000	0.004300	119.737000
10000.000000	0.000000	0.050800	71.300000	0.000700	128.740000
2500.000000	12.700000	0.025400	71.300000	0.012200	134.058000
5000.000000	12.700000	0.025400	39.600000	0.013000	125.107000
6300.000000	9.900000	0.152400	39.600000	0.023300	109.885000
500.000000	15.600000	0.101600	71.300000	0.043700	130.638000
4000.000000	0.000000	0.101600	31.700000	0.001500	126.933000
6300.000000	4.000000	0.304800	71.300000	0.005000	116.165000
1250.000000	5.400000	0.152400	31.700000	0.005300	123.991000
630.000000	0.000000	0.228600	39.600000	0.002500	128.705000
500.000000	3.000000	0.304800	71.300000	0.004300	128.454000
800.000000	2.700000	0.152400	39.600000	0.002900	128.829000
8000.000000	7.200000	0.152400	39.600000	0.009100	111.588000
2000.000000	8.400000	0.050800	55.500000	0.005400	133.042000
315.000000	11.200000	0.050800	71.300000	0.014100	128.381000
2000.000000	3.000000	0.304800	71.300000	0.004300	125.524000
1000.000000	3.300000	0.101600	71.300000	0.002000	131.434000
315.000000	4.000000	0.304800	71.300000	0.005000	128.175000
2500.000000	7.200000	0.152400	39.600000	0.009100	117.478000
1000.000000	12.600000	0.152400	71.300000	0.048300	122.044000
1000.000000	17.400000	0.025400	55.500000	0.016600	126.001000
2500.000000	0.000000	0.050800	55.500000	0.000800	133.956000
250.000000	9.900000	0.152400	31.700000	0.025300	128.559000
1600.000000	5.400000	0.152400	71.300000	0.004000	133.241000
1600.000000	0.000000	0.101600	55.500000	0.001300	132.050000
1250.000000	0.000000	0.101600	55.500000	0.001300	131.430000
800.000000	12.600000	0.152400	71.300000	0.048300	123.054000
1250.000000	1.500000	0.304800	71.300000	0.003400	125.872000
16000.000000	0.000000	0.304800	71.300000	0.002700	108.721000
1250.000000	12.300000	0.101600	71.300000	0.033800	126.648000
2000.000000	4.000000	0.228600	39.600000	0.004700	121.659000
1000.000000	5.400000	0.152400	71.300000	0.004000	133.201000
200.000000	11.200000	0.050800	39.600000	0.015000	125.010000
1000.000000	12.300000	0.101600	55.500000	0.036800	125.484000
200.000000	7.300000	0.228600	55.500000	0.011200	135.234000
400.000000	12.300000	0.101600	39.600000	0.040800	128.265000
315.000000	7.300000	0.228600	55.500000	0.011200	136.284000
2000.000000	3.300000	0.101600	39.600000	0.002500	132.301000
1600.000000	2.000000	0.228600	71.300000	0.002900	127.796000
8000.000000	3.300000	0.101600	39.600000	0.002500	118.091000
2500.000000	12.300000	0.101600	71.300000	0.033800	121.318000
8000.000000	0.000000	0.304800	39.600000	0.003100	114.779000
315.000000	15.400000	0.050800	39.600000	0.028300	124.493000
2500.000000	11.200000	0.050800	39.600000	0.015000	122.170000
500.000000	8.400000	0.050800	31.700000	0.005800	122.966000
2000.000000	7.300000	0.228600	71.300000	0.010400	122.708000
1250.000000	17.400000	0.025400	39.600000	0.017200	131.364000
16000.000000	0.000000	0.025400	71.300000	0.000400	130.477000
5000.000000	0.000000	0.228600	55.500000	0.002300	122.410000
500.000000	0.000000	0.228600	55.500000	0.002300	123.780000
1600.000000	2.700000	0.152400	71.300000	0.002400	130.644000
630.000000	12.600000	0.152400	71.300000	0.048300	123.304000
5000.000000	4.000000	0.228600	55.500000	0.004300	120.034000
800.000000	9.900000	0.152400	71.300000	0.019300	128.879000
3150.000000	0.000000	0.304800	55.500000	0.002800	123.236000
8000.000000	0.000000	0.101600	31.700000	0.001500	120.193000
2000.000000	0.000000	0.304800	71.300000	0.002700	127.461000
500.000000	12.300000	0.101600	31.700000	0.041900	118.667000
2000.000000	0.000000	0.228600	55.500000	0.002300	126.540000
2000.000000	8.400000	0.050800	71.300000	0.005300	134.476000
5000.000000	9.500000	0.025400	39.600000	0.004500	125.044000
4000.000000	0.000000	0.050800	71.300000	0.000700	134.430000
3150.000000	11.200000	0.050800	39.600000	0.015000	119.670000
1600.000000	9.900000	0.152400	55.500000	0.020800	119.875000
1000.000000	5.300000	0.228600	71.300000	0.005200	134.000000
800.000000	12.600000	0.152400	39.600000	0.058400	116.560000
6300.000000	2.000000	0.228600	39.600000	0.003500	116.417000
250.000000	12.700000	0.025400	39.600000	0.013000	121.547000
5000.000000	4.000000	0.228600	31.700000	0.005100	115.969000
3150.000000	2.000000	0.228600	39.600000	0.003500	121.627000
400.000000	8.400000	0.050800	31.700000	0.005800	120.076000
3150.000000	15.400000	0.050800	55.500000	0.027200	123.460000
1600.000000	4.000000	0.228600	55.500000	0.004300	128.264000
2000.000000	3.300000	0.101600	55.500000	0.002200	133.649000
1600.000000	22.200000	0.025400	71.300000	0.021400	131.817000
5000.000000	5.400000	0.152400	55.500000	0.004300	118.757000
1250.000000	22.200000	0.025400	71.300000	0.021400	140.987000
630.000000	6.700000	0.101600	71.300000	0.004800	131.448000
10000.000000	4.800000	0.025400	39.600000	0.000900	126.066000
800.000000	0.000000	0.101600	71.300000	0.001200	126.805000
8000.000000	4.800000	0.025400	39.600000	0.000900	131.346000
4000.000000	3.300000	0.101600	31.700000	0.002500	124.852000
400.000000	5.400000	0.152400	31.700000	0.005300	127.781000
2000.000000	7.300000	0.228600	55.500000	0.011200	120.354000
3150.000000	12.700000	0.025400	39.600000	0.013000	127.847000
630.000000	0.000000	0.304800	31.700000	0.003300	129.095000
315.000000	9.500000	0.025400	31.700000	0.004600	122.766000
1600.000000	15.400000	0.050800	71.300000	0.026400	130.065000
800.000000	7.300000	0.228600	31.700000	0.013300	123.209000
315.000000	3.000000	0.304800	39.600000	0.005000	123.312000
6300.000000	3.300000	0.101600	55.500000	0.002200	123.839000
12500.000000	0.000000	0.025400	55.500000	0.000400	131.453000
400.000000	8.900000	0.101600	39.600000	0.012500	135.540000
315.000000	17.400000	0.025400	39.600000	0.017200	115.144000
2000.000000	4.000000	0.304800	39.600000	0.005800	120.963000
500.000000	5.400000	0.152400	31.700000	0.005300	129.681000
500.000000	12.300000	0.101600	39.600000	0.040800	122.205000
800.000000	9.900000	0.152400	55.500000	0.020800	126.565000
630.000000	7.300000	0.228600	31.700000	0.013300	126.189000
6300.000000	9.900000	0.152400	71.300000	0.019300	112.039000
315.000000	1.500000	0.304800	39.600000	0.003900	121.851000
2500.000000	3.000000	0.304800	71.300000	0.004300	124.024000
315.000000	8.900000	0.101600	71.300000	0.010300	136.583000
200.000000	17.400000	0.025400	55.500000	0.016600	109.951000
6300.000000	7.300000	0.228600	39.600000	0.012300	110.839000
16000.000000	4.800000	0.025400	55.500000	0.000900	124.394000
5000.000000	8.400000	0.050800	71.300000	0.005300	121.146000
2000.000000	15.400000	0.050800	55.500000	0.027200	127.040000
3150.000000	0.000000	0.304800	71.300000	0.002700	125.201000
2000.000000	12.600000	0.152400	71.300000	0.048300	117.504000
1250.000000	8.400000	0.050800	71.300000	0.005300	132.086000
1000.000000	0.000000	0.228600	55.500000	0.002300	128.290000
315.000000	12.700000	0.025400	39.600000	0.013000	123.537000
5000.000000	12.300000	0.101600	55.500000	0.036800	112.014000
315.000000	7.300000	0.228600	39.600000	0.012300	132.149000
4000.000000	15.400000	0.050800	31.700000	0.029000	115.635000
12500.000000	0.000000	0.152400	71.300000	0.001600	117.087000
250.000000	17.400000	0.025400	39.600000	0.017200	114.714000
12500.000000	4.800000	0.025400	71.300000	0.000800	127.688000
630.000000	0.000000	0.228600	55.500000	0.002300	126.160000
6300.000000	15.400000	0.050800	71.300000	0.026400	115.215000
1600.000000	8.400000	0.050800	31.700000	0.005800	129.296000
500.000000	0.000000	0.152400	31.700000	0.002100	121.617000
500.000000	5.300000	0.228600	39.600000	0.006100	132.251000
1000.000000	0.000000	0.050800	71.300000	0.000700	129.450000
1250.000000	12.300000	0.101600	39.600000	0.040800	121.165000
200.000000	17.400000	0.025400	71.300000	0.016100	112.506000
800.000000	9.500000	0.025400	55.500000	0.004300	128.082000
8000.000000	1.500000	0.304800	71.300000	0.003400	115.372000
250.000000	19.700000	0.050800	71.300000	0.034100	119.115000
2000.000000	12.300000	0.101600	31.700000	0.041900	110.447000
4000.000000	15.400000	0.050800	55.500000	0.027200	120.920000
1250.000000	15.400000	0.050800	39.600000	0.028300	126.743000
1250.000000	0.000000	0.304800	39.600000	0.003100	125.499000
630.000000	2.000000	0.228600	31.700000	0.003700	129.057000
5000.000000	12.700000	0.025400	71.300000	0.012200	128.978000
4000.000000	22.200000	0.025400	71.300000	0.021400	123.917000
5000.000000	12.300000	0.101600	71.300000	0.033800	116.108000
3150.000000	7.200000	0.152400	39.600000	0.009100	111.818000
1600.000000	12.300000	0.101600	39.600000	0.040800	117.875000
5000.000000	15.400000	0.050800	31.700000	0.029000	112.355000
1000.000000	7.200000	0.152400	39.600000	0.009100	128.338000
5000.000000	15.600000	0.101600	39.600000	0.052800	106.224000
10000.000000	12.700000	0.025400	39.600000	0.013000	116.017000
5000.000000	2.000000	0.228600	31.700000	0.003700	118.267000
1600.000000	4.000000	0.228600	31.700000	0.005100	125.229000
6300.000000	3.300000	0.101600	71.300000	0.002000	124.904000
5000.000000	4.800000	0.025400	55.500000	0.000900	135.484000
400.000000	2.000000	0.228600	31.700000	0.003700	123.417000
1000.000000	9.500000	0.025400	31.700000	0.004600	131.346000
3150.000000	15.600000	0.101600	39.600000	0.052800	109.254000
500.000000	12.600000	0.152400	71.300000	0.048300	121.664000
1000.000000	2.000000	0.228600	55.500000	0.003100	129.002000
315.000000	0.000000	0.228600	55.500000	0.002300	119.540000
250.000000	9.500000	0.025400	39.600000	0.004500	116.924000
3150.000000	3.000000	0.304800	55.500000	0.004500	120.189000
2500.000000	1.500000	0.304800	71.300000	0.003400	124.512000
250.000000	9.900000	0.152400	71.300000	0.019300	135.329000
1250.000000	5.400000	0.152400	55.500000	0.004300	130.777000
1600.000000	12.700000	0.025400	39.600000	0.013000	129.977000
20000.000000	0.000000	0.228600	71.300000	0.002100	114.474000
3150.000000	0.000000	0.101600	55.500000	0.001300	131.780000
5000.000000	8.400000	0.050800	55.500000	0.005400	115.812000
3150.000000	0.000000	0.101600	71.300000	0.001200	131.955000
4000.000000	4.200000	0.050800	39.600000	0.001500	131.807000
800.000000	3.300000	0.101600	71.300000	0.002000	131.074000
4000.000000	17.400000	0.025400	71.300000	0.016100	125.586000
2500.000000	15.400000	0.050800	55.500000	0.027200	125.630000
630.000000	12.700000	0.025400	71.300000	0.012200	128.878000
2000.000000	4.800000	0.025400	71.300000	0.000800	128.398000
2500.000000	15.600000	0.101600	39.600000	0.052800	110.264000
400.000000	15.400000	0.050800	31.700000	0.029000	123.705000
6300.000000	0.000000	0.025400	39.600000	0.000400	136.826000
200.000000	17.400000	0.025400	31.700000	0.017700	116.146000
2500.000000	3.000000	0.304800	55.500000	0.004500	122.439000
20000.000000	0.000000	0.025400	71.300000	0.000400	123.217000
10000.000000	2.000000	0.228600	71.300000	0.002900	113.086000
315.000000	3.000000	0.304800	31.700000	0.005300	123.118000
500.000000	4.000000	0.304800	39.600000	0.005800	130.173000
1000.000000	0.000000	0.050800	31.700000	0.000800	126.780000
2000.000000	4.800000	0.025400	31.700000	0.000900	130.148000
4000.000000	5.400000	0.152400	31.700000	0.005300	116.181000
200.000000	19.700000	0.050800	39.600000	0.036500	125.974000
4000.000000	3.000000	0.304800	55.500000	0.004500	118.689000
16000.000000	2.700000	0.152400	71.300000	0.002400	110.364000
1000.000000	1.500000	0.304800	39.600000	0.003900	127.581000
800.000000	2.000000	0.228600	39.600000	0.003500	129.037000
4000.000000	7.300000	0.228600	71.300000	0.010400	119.208000
2500.000000	0.000000	0.025400	71.300000	0.000400	133.707000
5000.000000	0.000000	0.101600	31.700000	0.001500	124.393000
400.000000	9.500000	0.025400	55.500000	0.004300	120.952000
250.000000	9.900000	0.152400	55.500000	0.020800	133.235000
500.000000	19.700000	0.050800	71.300000	0.034100	126.995000
400.000000	12.300000	0.101600	71.300000	0.033800	139.428000
